1	15.8972069970332	20.5277460438013
2	10.090646147728	6.07980373391125
3	14.5758026372641	16.8970314965592
4	18.2244737911969	13.7480195375009
5	14.4632107112557	10.3828571253602
6	10.325119306799	9.65954179830372
7	10.6031122687273	17.7618772712181
8	19.7468971577473	24.8558702502466
9	19.2510269698687	15.3760591037104
10	10.8327759453095	22.5328733582926
11	10.0120629323646	4.04165204743164
12	17.7188505744562	15.1187609443886
13	10.3609306714498	7.2037152383744
14	10.8624295098707	10.1868563186065
15	18.7237296882086	19.6972790636212
16	14.3429267057218	13.2907728978006
17	10.9045495139435	8.82460879587552
18	14.1814139042981	15.056685230377
19	11.4889177377336	15.2289092929743
20	11.2136361794546	10.0575342661775
21	11.3741068518721	16.9094981139004
22	17.9797808080912	15.8473714461396
23	17.5607257848606	17.8830826175403
24	11.9457529205829	8.95985323817962
25	19.847620644141	22.67780228195
26	16.7459926754236	14.8951562793525
27	16.4754194393754	14.3747420658329
28	11.6997818648815	4.96863971477883
29	15.8874137932435	21.6990616405412
30	18.4057634673081	17.9957748859821
31	18.5669563570991	23.5353574656836
32	15.0080221402459	10.005932097001
33	11.9971607089974	13.3377603907127
34	12.3613703902811	12.3967627390392
35	12.6799184293486	11.7250574060155
36	19.7116064629517	22.1282736262622
37	15.0858732801862	15.5199034960209
38	11.6323654842563	22.4733497037546
39	14.0740626491606	13.2643012587975
40	16.3492234121077	9.29950411038904
41	16.4417296205647	11.3677388884873
42	10.6060427404009	10.8779576023467
43	10.7500330614857	10.1730793744394
44	12.1897250809707	7.35029349658182
45	15.7059578457847	20.7477229912861
46	18.0803796206601	18.9223016095337
47	18.6083322158083	17.1463982735802
48	10.0094987824559	10.2159829941412
49	17.1701234276406	8.26228334147818
50	10.1823482080363	7.32731774187938
51	15.6585231842473	23.6324196054531
52	14.7645950433798	14.5573839977121
53	16.3964466797188	8.32222468440836
54	14.8422656115144	21.3613779300423
55	11.2155560078099	12.6731447911673
56	12.2749238484539	17.5411139212133
57	18.5569634311832	18.3910355666458
58	13.3869128511287	4.11360123733848
59	17.7915467182174	16.9384029876839
60	17.641721945256	20.4147168746319
61	11.0087296226993	10.9786083877036
62	19.2017395677976	14.5585823360824
63	10.9606311214156	11.3169701215662
64	14.8422939679585	14.8731134478129
65	14.9828429659829	20.2264260840217
66	12.0362399960868	6.67160171536864
67	12.083159761969	19.6248645966953
68	10.0980867352337	10.4120968393275
69	12.5293171079829	14.6800548560382
70	14.6557382587343	14.1678896752806
71	19.6609826106578	20.7340721072622
72	15.7833657274023	18.046229751346
73	19.4086163141765	9.94074278263443
74	15.6669543660246	8.08446772675046
75	13.8262106734328	13.2990912953913
76	19.6228055399843	16.2707118591964
77	13.5746592679061	14.1088443976245
78	18.6739723407663	20.8823373218933
79	12.1234237775207	17.2117164520364
80	19.7928742715158	18.6726530191509
81	18.5369864362292	5.57384487574264
82	17.9982721037231	17.8091475846613
83	17.1537635731511	22.8678457928154
84	15.446629577782	14.8143469106123
85	17.9898749291897	18.3737140369558
86	14.5537241827697	10.0121693125043
87	13.8696129969321	16.7872439860115
88	15.8248689793982	14.1838298652696
89	16.2526979693212	21.2356557013834
90	19.6324525307864	25.5960334561611
91	10.1549073657952	12.2374015476261
92	16.1038987571374	18.4475504613434
93	12.1318220696412	15.9487525118939
94	18.8551657111384	11.3529938966511
95	13.8038088241592	13.5333637438296
96	19.6251734578982	16.8958170732998
97	15.8438484021463	17.1053048416134
98	15.8463093545288	12.9975832823001
99	19.0516414190643	19.0690806480049
100	15.696791659575	19.6949597373831
101	26.4486373043619	5.63404575365083
102	24.7070992286317	1.66491531145656
103	25.9044192046858	7.0879885193514
104	23.9064441821538	1.76051196825169
105	21.1340070529841	-4.69066619598328
106	25.2682021227665	8.71645750847209
107	22.2808690336533	3.52006968657998
108	27.8645228678361	10.4291492494051
109	26.4116344847716	9.32585396648946
110	29.7093572760932	11.9849279633886
111	28.6857194514014	3.91070683762711
112	30.6452100691386	15.7676239473829
113	26.7020294549875	3.61853519822509
114	27.3175318576396	4.02742791464244
115	21.6030157022178	5.97049974494153
116	28.5464938953519	13.8040704715239
117	24.7633175845258	-0.101178679165876
118	24.4266023081727	2.91542630542465
119	24.584555357229	0.674913903569747
120	26.1391873392276	13.8584620491642
121	21.7737665297464	-2.85690112823288
122	21.2324150712229	3.73759681725778
123	27.104214808438	9.39679213243346
124	26.986799702514	1.08263487723057
125	25.1122944653034	8.886982359007
126	24.5523585393094	4.05191579542707
127	21.4683681344613	4.97825193656346
128	29.0293507734314	11.2049377183519
129	26.4232028801925	2.1522994044871
130	25.3808124121279	13.5668273224282
131	27.3764640223235	7.86949716431757
132	24.3064656332135	5.34023439270445
133	30.4020015303977	3.67064956339254
134	30.6873029693961	10.4768773052502
135	29.2846763473935	10.2189218161927
136	22.2292478024028	0.355768269422762
137	24.0949370423332	7.58948189813022
138	28.5517405057326	12.5308174191356
139	30.5068178907968	17.271827405017
140	28.1636742004193	8.56072659622052
141	25.596968984697	9.07699909562115
142	23.842580631841	13.2536899261809
143	26.155544411391	9.2719866256466
144	30.2287947889417	6.40204935450155
145	29.6907782312483	4.30478033656714
146	21.0614485517144	3.90893500519604
147	21.076116817072	-1.77756841177872
148	26.7777727395296	6.40553315284578
149	30.8006512899883	-1.94922278668429
150	22.9000333710574	3.88150228202794
151	27.2009802483954	9.70399401032583
152	28.3015756369568	7.95492589564815
153	21.8615483040921	-0.0332014714253974
154	30.8213092633523	15.8845058970926
155	30.6110588032752	1.38673517153632
156	24.8369288225658	5.40676247466656
157	23.4061082769185	6.34620095117823
158	24.1012076698244	2.64755861354469
159	29.4414611500688	13.1437412464549
160	24.0749843479134	6.79014150600023
161	23.3729343363084	1.47216134575899
162	29.0687236064114	13.5351978694559
163	26.0800540670753	8.47804816712726
164	24.1039802101441	5.30173239512576
165	21.2967778081074	-2.72256159776673
166	30.7282015322708	7.96666104931297
167	22.2118335231207	-10.0261770336487
168	28.4756023054942	6.09839624241137
169	22.1936030955985	4.66505436772912
170	26.6708490871824	9.14838561361272
171	24.6837657587603	9.48849528932577
172	29.2240664004348	8.825521322621
173	23.807508604601	5.84221739685823
174	23.0884732110426	-2.83129795858456
175	26.2376822382212	4.24439356654158
176	24.6526911822148	5.08384842231186
177	25.2529015475884	9.76045080465254
178	27.4896110072732	6.03160935989741
179	27.004981638398	7.99531964854747
180	26.7498039957136	15.3321679387519
181	24.1250776955858	0.480414424193834
182	22.6456693504006	0.28763889151206
183	28.6480078371242	14.3837856696037
184	28.0465988665819	13.1568415503226
185	23.6396857667714	4.09445377092745
186	25.4631758308969	8.16492085061248
187	22.8734396109357	-2.75224141429388
188	21.7784133474343	2.51507719332354
189	27.0148583073169	3.38156836142355
190	26.7291128882207	7.1471997717681
191	22.8324369285256	1.3440633747299
192	23.3012274829671	10.6485703132451
193	27.9598557660356	8.52595917269651
194	23.5087046576664	2.5374566217389
195	30.4682339089923	15.4931476174657
196	29.8229474448599	7.97458401867243
197	29.2893330487423	14.4582051003028
198	23.1057160012424	4.75677227899906
199	29.0466165090911	8.55425534257938
200	26.2802651026286	-1.39318458831887
201	7.50337683130056	31.6975884094049
202	4.04798147501424	20.9739788007218
203	9.13364157313481	20.6866276638232
204	6.64680952439085	26.4961714910973
205	9.13848555181175	29.4329520238481
206	7.90237651439384	27.596350202784
207	8.18946357350796	34.8869180877569
208	4.87118247197941	30.6745527945617
209	1.65804340969771	27.7418547686843
210	3.57235953910276	20.8355983189145
211	7.24495656555519	21.6964594992021
212	4.73574071424082	24.9705940342445
213	7.3630344774574	34.3525570377241
214	2.79974950477481	22.3752707126976
215	1.39739225618541	13.0417374614848
216	3.94687189022079	22.9151653461628
217	5.44289198005572	25.9498192045155
218	5.66813469165936	29.2642182683483
219	8.30901939421892	29.8272092606771
220	7.4359849630855	37.3581931324204
221	4.91931136930361	27.2224235811917
222	5.30084892176092	20.8211453160412
223	0.472425629850477	17.0185919970874
224	9.55933226738125	23.4845693126901
225	5.15507851960137	23.4630326377252
226	4.11981465760618	24.3388211784111
227	3.34777208976448	27.5087439670715
228	4.97015168657526	21.4639076408267
229	6.99246240546927	22.3696288170599
230	7.02843915205449	28.1254326017533
231	1.18876830674708	19.0948663605698
232	0.543022982310504	14.46996365331
233	6.45278444048017	21.6583011475836
234	3.91586664598435	25.4180276488704
235	2.33742264797911	17.0904657157249
236	4.92143316660076	25.9588680834043
237	8.67786575574428	29.2752623437381
238	1.08137440402061	13.1681509261045
239	0.31081409426406	18.9263066384651
240	5.14147826470435	28.6205413867849
241	3.64432390779257	22.5258268087605
242	2.69714277470484	20.5955341456704
243	5.85598911391571	30.7559564892027
244	1.71013525687158	23.1514110698448
245	7.15898048132658	27.7507661117905
246	2.92298562359065	23.2079734638641
247	2.12703768163919	23.0999395775164
248	7.72992256330326	27.4695453503981
249	1.51570078451186	23.4218674862128
250	2.43961720727384	22.6806073694444
251	3.44252036884427	23.3263605898742
252	1.45597062073648	22.4226385328265
253	8.30901082837954	28.006898280227
254	9.09731905208901	22.3372779323945
255	0.369568974711001	16.6924457408049
256	4.1960981907323	30.096366230619
257	6.91574844997376	26.5494799702551
258	8.4161725291051	25.5884214957502
259	9.91084594046697	30.0456545152545
260	9.22259047627449	25.6609403345804
261	3.93164908513427	32.433632939198
262	8.35321068065241	32.4565478898251
263	5.47932710498571	21.9420796942623
264	2.38159447908401	26.2536108686321
265	0.410036649554968	23.1442874556427
266	0.745264866854995	23.4925598940157
267	7.63011652510613	27.181100877711
268	3.32407873356715	26.4860586880831
269	1.94763228762895	29.2141303057122
270	8.7979460391216	31.6891283085266
271	3.19471556693316	17.1284222754102
272	5.63499158946797	30.4153733281198
273	8.59611394815147	23.3058088875656
274	3.80167335737497	24.2891081206359
275	6.64195916848257	30.5371258437473
276	5.79758378211409	21.9132086704373
277	2.75219230446965	30.8987179112104
278	1.58641837304458	19.2345036638952
279	7.49319972936064	25.9554464158154
280	8.05955115705729	31.7185337185716
281	6.82094065938145	28.4333376581117
282	8.63504081964493	26.8461342549813
283	7.55671947263181	26.8354889328208
284	0.12179164448753	25.6616799404177
285	7.47767579508945	25.3724535040791
286	8.57495538657531	29.1900942722282
287	6.89258018508554	21.8347300954115
288	9.16996442945674	26.7209638390077
289	2.32474232558161	21.3876005163806
290	0.936130881309509	21.2009903242807
291	5.80832427833229	24.6747395255797
292	9.63325157528743	26.0636407167581
293	2.15967221884057	22.9801812739851
294	1.99113310780376	28.0807507841415
295	7.46511510573328	31.1668166846338
296	2.45705586392432	23.255036909282
297	3.65923568373546	23.6409849940285
298	7.72750979056582	28.8690660132881
299	3.09525464428589	17.4291151355502
300	0.413519947323948	21.3319008335218
